[28.06,1]
[34.44,1]
[35.83,1]
[36.11,1]
[39.72,1]
[43.33,1]
[45.56,2]
[46.67,1]
[47.78,2]
[48.89,2]
[49.17,1]
[49.44,1]
[50,2]
[50.83,2]
[51.67,1]
[52.5,1]
[53.33,1]
[55,1]
[55.83,1]
[56.39,1]
[57.78,1]
[58.33,1]
[60.29,1]
[60.56,1]
[61.39,1]
[62.5,1]
[63.33,2]
[63.61,1]
[63.89,1]
[64.72,1]
[65.28,2]
[65.56,1]
[66.11,1]
[66.67,1]
[67.22,1]
[68.06,1]
[68.33,2]
[72.22,2]
[73.89,1]
[75.56,1]
[77.5,1]
[78.89,2]
[80,1]
[80.56,1]
[82.22,1]
[83.06,1]
[83.33,1]
[85,1]
[85.56,1]
[87.22,1]
[88.89,2]
[89.17,1]
[90,2]
[90.83,1]
[91.11,1]
[92.22,1]
[92.78,1]
[94.44,1]
[95,1]
[99.17,1]
[101.11,1]
[102.22,1]
[102.78,1]
[107.78,1]
[108.89,1]